101 100 99 98 97 96 95 94 93 92 91 90 89
100 99 98 97 96 95 94 93 92 91 90 89 88
99 98 97 96 95 94 93 92 91 90 89 88 87
98 97 96 95 94 93 92 91 90 89 88 87 86
97 96 95 94 93 92 91 90 89 88 87 86 85
96 95 94 93 92 91 90 89 88 87 86 85 84
95 94 93 92 91 90 89 88 87 86 85 84 83
94 93 92 91 90 89 88 87 86 85 84 83 82
93 92 91 90 89 88 87 86 85 84 83 82 81
92 91 90 89 88 87 86 85 84 83 82 81 80
91 90 89 88 87 86 85 84 83 82 81 80 79
90 89 88 87 86 85 84 83 82 81 80 79 78
89 88 87 86 85 84 83 82 81 80 79 78 77