312 309 310 313 316 318 320 323 325 327 330 333 335 337 339 341 343 344 346 348 350 351 352 353 354 357 358 360 362 363 365 367 369 372 374 375 378 379 381 384 387 390 391 393 394 397 400 402 404 406
311 306 311 315 318 319 323 325 328 330 331 335 337 338 340 343 345 346 349 350 353 354 355 357 360 362 365 366 368 371 372 375 377 380 381 384 385 386 388 389 391 392 393 394 396 399 403 404 407 225
308 304 303 300 298 321 324 326 331 333 334 337 339 341 343 345 346 349 350 352 356 358 360 362 365 367 368 369 372 375 377 380 383 386 389 391 394 395 398 401 403 405 407 410 411 414 415 418 225 223
306 301 305 308 296 295 293 291 290 288 287 285 284 282 281 280 349 352 353 354 359 360 362 363 366 368 371 372 374 378 380 381 384 387 391 393 395 396 400 403 404 406 410 412 414 416 417 225 224 220
303 299 297 296 298 300 291 293 295 297 299 300 301 302 304 278 275 272 269 356 361 363 366 367 369 370 372 373 376 381 383 386 387 389 392 395 396 399 402 406 407 410 413 416 417 420 225 223 221 218
302 304 294 291 290 301 290 287 298 299 302 305 306 307 310 313 316 317 268 267 266 265 264 263 260 258 257 256 255 252 249 248 245 244 241 238 237 235 233 408 410 413 416 417 419 225 222 221 218 217
299 305 292 294 288 304 307 284 283 301 304 307 308 311 312 315 318 319 320 321 322 324 327 329 331 333 335 337 338 339 341 344 347 350 353 356 357 358 232 230 229 226 223 221 220 222 220 218 217 216
296 307 291 295 285 307 310 311 281 280 278 276 310 312 313 316 320 321 322 323 324 326 329 331 333 336 339 341 344 345 347 349 351 352 355 357 359 361 364 365 368 371 373 239 218 216 215 214 216 213
295 310 289 298 284 310 313 316 317 319 321 273 311 313 314 319 322 324 326 328 331 334 336 337 338 341 344 347 350 352 354 355 356 359 362 364 365 368 370 372 375 378 243 237 234 232 229 211 213 210
293 313 288 285 281 280 314 319 322 325 327 271 269 314 317 322 325 327 328 331 332 336 339 342 345 346 349 352 353 355 357 359 361 363 365 367 368 370 371 374 376 243 241 234 231 229 227 210 209 207
290 315 316 318 279 276 317 322 324 326 328 330 268 317 320 325 327 330 332 334 335 337 341 344 346 347 352 354 355 358 360 362 365 367 370 371 372 373 376 379 244 241 238 231 229 227 225 223 220 205
289 317 318 319 278 273 318 325 328 329 331 334 267 320 321 328 329 332 333 337 339 340 342 346 347 348 354 357 358 361 362 364 367 370 373 375 377 378 379 242 241 237 235 229 226 225 222 218 217 204
287 319 321 322 276 271 268 327 329 330 333 335 264 323 325 329 332 333 335 338 340 341 343 348 350 353 356 358 360 362 365 367 368 372 374 377 380 382 245 241 239 235 233 228 225 221 220 215 214 202
284 322 324 325 274 270 266 329 332 334 337 339 261 324 327 330 335 336 339 341 342 344 347 351 354 357 358 359 363 365 366 368 370 373 377 379 382 244 242 240 237 232 231 227 224 220 217 214 211 201
281 324 325 328 331 268 265 262 333 336 340 342 260 327 330 331 337 338 340 343 344 347 349 354 356 360 361 363 366 368 370 373 376 377 378 380 246 243 241 238 234 231 228 226 223 213 210 209 208 198
278 327 330 331 334 267 268 260 334 339 341 345 257 254 331 334 339 342 345 348 351 353 356 358 360 363 365 367 369 370 371 376 377 380 383 247 244 241 239 237 232 229 226 222 221 212 209 206 205 197
276 328 333 334 336 265 269 258 257 342 345 347 350 253 251 249 341 345 347 350 352 356 359 362 365 367 370 373 376 378 379 382 385 386 244 243 242 240 238 235 230 227 224 221 218 211 208 204 203 195
274 329 334 337 340 264 270 273 254 343 346 350 352 353 354 246 343 346 348 352 355 357 361 365 366 370 373 374 379 380 381 384 387 245 242 241 240 237 235 233 229 224 221 219 217 209 206 202 200 193
272 331 336 339 343 263 271 275 251 248 246 352 355 356 357 245 344 349 350 353 357 358 363 366 369 373 374 376 381 383 386 389 247 244 240 239 236 235 231 230 227 222 219 217 214 208 203 200 198 192
269 332 339 340 346 260 274 277 278 279 245 243 241 240 359 244 345 352 355 357 358 360 364 367 371 376 379 381 382 386 389 247 245 243 239 235 234 233 227 225 224 221 218 214 211 205 202 198 196 190
268 335 341 343 347 257 254 278 281 283 286 287 290 239 361 242 348 353 358 359 360 362 367 370 373 377 380 383 385 389 246 245 244 241 237 234 231 230 226 224 222 218 216 211 209 204 199 196 194 187
265 338 343 346 348 351 251 279 284 286 288 289 293 236 233 230 351 354 361 362 365 367 369 371 375 380 382 385 387 245 243 242 240 239 236 231 230 227 225 222 221 215 213 210 207 201 198 193 191 184
264 341 346 347 350 354 248 282 286 289 291 293 294 296 298 229 228 356 364 365 367 368 371 372 377 382 385 386 244 240 239 237 236 235 233 229 226 224 222 219 218 212 210 208 204 197 195 192 190 182
261 342 347 348 352 355 246 243 289 290 292 294 295 297 300 226 225 359 365 367 368 371 374 377 380 384 386 242 241 238 237 236 233 231 230 228 224 221 219 218 215 210 206 205 201 195 193 190 189 181
260 344 350 353 356 357 359 240 292 293 295 296 297 299 302 223 221 220 218 217 216 373 375 379 382 385 244 241 240 237 233 232 231 228 226 225 222 219 218 215 212 208 205 202 199 194 191 187 186 180
258 347 353 356 359 360 363 239 238 237 297 299 301 303 304 220 224 225 228 231 214 213 211 208 206 240 239 236 235 234 232 230 227 225 221 219 218 215 213 212 209 206 203 200 196 192 189 186 183 179
256 348 354 359 361 363 364 366 368 234 298 301 302 304 306 217 226 227 229 232 233 235 236 239 204 237 236 235 234 231 228 227 225 222 220 217 214 212 210 206 202 201 199 197 194 188 186 182 181 177
255 351 357 360 362 365 368 370 372 231 300 304 305 306 309 215 227 228 232 234 236 238 239 230 203 200 197 196 232 230 227 226 221 219 217 214 212 209 207 203 201 199 196 195 192 187 185 181 180 176
254 354 359 361 363 368 369 373 374 228 227 305 306 308 311 212 210 209 233 235 238 240 230 227 226 222 219 194 192 190 224 223 220 216 214 213 210 207 205 202 199 197 194 190 189 184 183 180 177 173
252 355 362 365 368 371 374 377 378 379 226 308 311 312 314 316 319 208 205 202 241 227 226 225 223 219 216 212 209 189 186 183 219 215 212 210 207 202 200 199 198 195 192 189 188 183 181 179 175 170
250 357 363 366 370 372 376 378 380 383 224 309 312 313 315 319 321 323 326 201 228 226 224 222 220 217 214 209 207 204 202 180 216 213 210 207 204 201 199 196 195 192 189 186 185 182 180 177 174 169
247 359 365 368 372 375 378 380 381 386 223 310 315 318 320 322 325 326 328 200 197 195 219 216 215 213 211 208 204 203 200 178 177 174 172 170 167 164 196 195 193 191 188 183 181 180 176 174 171 166
244 361 367 369 375 377 379 382 385 389 222 221 318 320 321 325 328 329 223 219 215 194 217 214 213 210 209 206 203 201 199 196 194 191 187 183 181 162 159 190 189 186 185 182 179 177 175 172 168 165
241 364 370 373 376 378 382 383 388 392 395 219 320 322 324 328 330 221 220 216 214 191 214 212 211 209 207 205 202 199 196 195 191 188 185 182 180 177 157 189 187 185 182 180 177 176 173 170 165 162
239 365 371 374 379 381 385 386 391 394 398 217 323 325 327 329 225 220 217 214 212 190 188 185 184 207 206 203 201 198 195 192 189 185 184 178 176 174 154 151 149 182 177 176 173 169 168 167 162 161
238 367 372 376 382 384 386 388 394 397 401 214 326 329 332 227 223 217 215 212 210 207 203 201 181 178 175 173 170 168 188 187 186 184 181 177 174 173 166 165 147 179 176 173 171 167 166 164 159 158
235 369 373 377 383 385 388 391 397 398 403 211 210 332 228 225 220 216 213 210 208 205 202 198 195 194 192 190 184 165 187 186 183 181 179 176 171 170 164 162 146 176 175 172 169 166 164 161 158 155
232 372 374 379 385 387 390 394 399 401 406 409 208 207 223 222 219 213 209 208 205 203 201 196 193 192 190 187 181 162 159 158 157 179 176 173 170 168 162 159 145 143 169 168 167 164 162 159 155 152
231 375 377 381 387 388 393 395 402 403 409 410 211 205 222 217 216 211 205 203 202 200 198 192 191 189 186 184 180 177 173 168 155 178 174 171 168 166 161 158 155 142 140 138 135 162 158 156 153 149
230 377 380 384 389 390 396 399 405 406 411 212 210 204 219 216 213 209 204 202 199 198 196 189 188 187 185 182 178 176 171 167 153 175 171 170 165 164 160 155 154 149 147 145 133 159 156 153 150 148
228 380 383 386 390 391 399 402 407 410 217 211 208 202 214 213 210 208 202 199 197 195 193 188 186 184 181 179 177 173 170 166 151 172 169 167 164 161 158 152 151 146 145 144 132 129 152 151 149 146
227 382 385 387 393 394 402 404 410 216 214 208 206 200 211 208 206 205 200 198 196 193 192 183 182 181 177 175 174 172 169 163 150 148 165 162 160 156 155 150 148 145 142 141 137 128 125 122 120 119
225 383 388 390 396 399 404 407 214 212 211 207 204 199 197 206 205 202 199 196 193 191 189 180 179 178 175 174 172 171 168 162 161 147 161 160 158 155 152 149 145 142 140 138 135 127 126 122 119 117
223 384 391 394 398 400 405 215 213 210 208 205 202 196 194 203 199 196 195 193 190 189 186 179 178 176 174 172 169 168 166 161 159 146 154 152 151 148 147 146 143 139 137 134 132 126 124 121 115 114
221 385 394 396 400 401 212 211 210 206 203 202 200 194 193 200 197 195 194 191 189 186 183 178 177 171 170 169 166 164 163 160 158 144 150 148 147 146 145 143 140 136 135 131 129 125 120 118 113 112
220 387 395 397 401 213 210 209 207 204 201 200 197 192 191 198 195 192 190 188 184 182 180 177 176 170 169 167 165 161 160 159 157 141 140 146 144 142 139 138 137 135 132 127 126 124 118 116 111 109
219 390 397 400 211 210 209 205 203 201 196 195 194 191 189 193 192 189 186 185 182 179 177 175 174 169 168 165 162 160 158 157 156 153 137 136 134 132 138 137 135 132 129 126 122 121 117 113 110 106
216 393 399 211 210 209 206 204 202 199 194 192 189 188 186 190 188 187 184 182 179 177 175 174 171 168 166 164 161 158 156 155 152 150 146 145 141 131 129 130 129 127 124 123 120 118 115 112 109 104
215 396 212 208 206 204 203 199 198 196 191 189 187 185 183 185 182 180 179 178 176 173 171 170 168 166 163 160 159 154 152 150 149 147 143 142 139 138 127 125 125 122 119 118 117 114 110 108 106 102
213 211 210 207 204 203 200 197 196 193 190 187 186 183 180 178 176 175 173 171 169 167 166 164 162 160 159 157 156 153 150 147 145 144 142 139 138 135 125 122 120 117 115 113 112 111 108 105 103 100